geometry 100 0.077 0.8884896055544946 0.11385904668081946
geometry 200 0.134 0.8677990716116081 0.27538435192647776
geometry 300 0.19 0.8400323497179306 0.3498501055533368
geometry 400 0.25 0.8283113785931988 0.36556700420734906
geometry 500 0.293 0.8161515856024671 0.394451035955654
geometry 600 0.338 0.8168850219631086 0.4228712762454392
geometry 700 0.371 0.8102068269170087 0.5028445613060508
geometry 800 0.406 0.7990841367364286 0.5279238518891095
geometry 900 0.434 0.7958855958341539 0.5590797350105653
geometry 1000 0.461 0.7869389646333742 0.5742192510263542
geometry 1100 0.49 0.7847670342332105 0.5966531074666356
geometry 1200 0.51 0.7846876877759902 0.6580822040064105
geometry 1300 0.536 0.7805108353369175 0.681158175718363
geometry 1400 0.557 0.7774258434592249 0.6837006016312371
geometry 1500 0.57 0.7835529020860666 0.6811491904026582
geometry 1600 0.584 0.7849106749318266 0.6814114425094566
geometry 1700 0.605 0.7852228474760929 0.6956926452247307
geometry 1800 0.619 0.7800386224241905 0.7070350856166058
geometry 1900 0.632 0.7721953859884224 0.719626138410279
geometry 2000 0.638 0.762795480134014 0.7192549535387792
geometry 2100 0.642 0.758941764435561 0.7285084847286686
geometry 2200 0.649 0.7551728186726806 0.7311763242843461
geometry 2300 0.655 0.7438330468287698 0.7337596362610431
geometry 2400 0.667 0.7429708415620393 0.7374985923440031
geometry 2500 0.674 0.7394726627380549 0.7391349886377675
geometry 2600 0.688 0.7319148002458888 0.7531283932586874
geometry 2700 0.698 0.7286780870077575 0.774658173768729
geometry 2800 0.703 0.7289035499728052 0.7758505393547297
geometry 2900 0.712 0.7305915787328111 0.8420555365018608
geometry 3000 0.723 0.731504910653941 0.8427583543939068
geometry 3100 0.735 0.7294566830724193 0.8427583543939068
geometry 3200 0.748 0.7305989153993776 0.8514955918642328
geometry 3300 0.756 0.7319949590564573 0.8510768417832401
geometry 3400 0.764 0.7350560902277113 0.8537403735599464
geometry 3500 0.773 0.7340592735184136 0.8576850033158024
geometry 3600 0.777 0.736543772924434 0.8587185957500303
geometry 3700 0.788 0.7368011787049581 0.8601157530124245
geometry 3800 0.794 0.736759692300857 0.8604472840497854
geometry 3900 0.798 0.7380538995584048 0.8606786868296711
geometry 4000 0.801 0.7390941628283277 0.8613458763445108
geometry 4100 0.809 0.7383025995649167 0.8616550043401984
geometry 4200 0.817 0.7371361780417656 0.8613494348590977
geometry 4300 0.821 0.7375174843243663 0.8638235307668627
geometry 4400 0.826 0.7378002382776275 0.8642822910822908
geometry 4500 0.829 0.7395247771119818 0.8642822910822913
geometry 4600 0.832 0.7425611403875989 0.8695940952761373
geometry 4700 0.841 0.7406296497789303 0.8701491601951644
geometry 4800 0.847 0.7400677781306663 0.8704272298150234
geometry 4900 0.847 0.7427228701376445 0.8727782826525907
geometry 5000 0.855 0.74109236587139 0.8746989640196734
geometry 5100 0.855 0.7424634473262431 0.8746989640196732
geometry 5200 0.858 0.7423775331855436 0.87469973654081
geometry 5300 0.861 0.7441086398355633 0.8749899741868632
geometry 5400 0.862 0.7459337005628419 0.8750583411602311
geometry 5500 0.866 0.7456469938548541 0.8755858188491517
geometry 5600 0.869 0.7462490600675109 0.8753327079907705
geometry 5700 0.874 0.7454623943960117 0.8753327079907703
geometry 5800 0.878 0.7453837375128699 0.8764251533913145
geometry 5900 0.884 0.7441797937750131 0.8764251533913139
geometry 6000 0.886 0.7444175646764305 0.8774912387236932
geometry 6100 0.887 0.7450507835585978 0.8818114715662144
geometry 6200 0.889 0.7463150018850997 0.8818114715662139
geometry 6300 0.891 0.7482887675753611 0.8866561701506027
geometry 6400 0.893 0.7482840571390937 0.8866561701506032
geometry 6500 0.895 0.7478751233625653 0.8866561701506027
geometry 6600 0.897 0.7494673979738222 0.8874561889086068
geometry 6700 0.898 0.7508196921309511 0.887456188908607
geometry 6800 0.898 0.7514259365056061 0.8878690613629711
geometry 6900 0.901 0.752137885167072 0.887869061362971
geometry 7000 0.901 0.7529544191160729 0.8876825785518324
geometry 7100 0.903 0.7527538273845503 0.8880527977576865
geometry 7200 0.904 0.7530773005570385 0.888052797757687
geometry 7300 0.905 0.7535418952064569 0.8890814241381239
geometry 7400 0.905 0.7552652269644512 0.8890814241381237
geometry 7500 0.906 0.7559867741733616 0.8915654947477916
geometry 7600 0.908 0.7572884354587784 0.9161363224638992
geometry 7700 0.91 0.757829427175219 0.9210342830573853
geometry 7800 0.913 0.7581018847531528 0.922934010935491
geometry 7900 0.915 0.7577456989112873 0.92326192447881
geometry 8000 0.919 0.7578095518680059 0.9268454845318501
geometry 8100 0.922 0.7571035331011445 0.9268454845318504
geometry 8200 0.924 0.7581264545383334 0.9272528821165531
geometry 8300 0.925 0.7589056056351264 0.9274000121076469
geometry 8400 0.926 0.7597759746655801 0.9274000121076462
geometry 8500 0.927 0.7589043284279797 0.9274000121076467
geometry 8600 0.927 0.7594567240444527 0.9273392704974819
geometry 8700 0.927 0.7603240830946041 0.9299749145289323
geometry 8800 0.929 0.7604576502198942 0.9308229323710783
geometry 8900 0.93 0.7609503621325374 0.9308229323710788
geometry 9000 0.931 0.7621961085111992 0.9308229323710787
geometry 9100 0.932 0.7631737167467143 0.9310440968105045
geometry 9200 0.934 0.7635655392972063 0.9306350937232615
geometry 9300 0.934 0.7630087178973189 0.9306350937232607
geometry 9400 0.934 0.7643349298670522 0.9308004446527403
geometry 9500 0.934 0.7660792477418631 0.93080044465274
geometry 9600 0.934 0.7671133694568568 0.9308004446527397
geometry 9700 0.934 0.7684259553730091 0.9312079719300993
geometry 9800 0.935 0.7682865358629942 0.9313573344061483
geometry 9900 0.936 0.7686561082421495 0.9317021939153782
geometry 10000 0.936 0.7694163722488355 0.9317021939153785
geometry 10100 0.937 0.7693589046218898 0.9338341786000628
geometry 10200 0.937 0.7696931886965767 0.9349139569751422
geometry 10300 0.938 0.7708822793846102 0.9381407366960836
geometry 10400 0.938 0.771840421454315 0.9381407366960838
geometry 10500 0.94 0.7711314384183278 0.9381407366960832
geometry 10600 0.943 0.7703789895011628 0.9383413598526853
geometry 10700 0.943 0.7711986117026522 0.9383413598526851
geometry 10800 0.943 0.7722861475932633 0.9381965899123089
geometry 10900 0.944 0.7727768701617093 0.9383403288796671
geometry 11000 0.945 0.7733392995709069 0.938340328879668
geometry 11100 0.945 0.7738258950486323 0.9383403288796675
geometry 11200 0.946 0.7735729536631227 0.9383403288796672
geometry 11300 0.946 0.7744223479365985 0.9383403288796677
geometry 11400 0.947 0.7745276370090912 0.9383403288796675
geometry 11500 0.948 0.7748234498864836 0.9397944012493876
geometry 11600 0.948 0.7757420420909897 0.9416413363728284
geometry 11700 0.949 0.7758824002962922 0.9415242747972732
geometry 11800 0.952 0.7750253075187006 0.9415242747972734
geometry 11900 0.953 0.7745297490316346 0.9418953286819298
geometry 12000 0.954 0.7747935475678029 0.94189532868193
geometry 12100 0.957 0.7748681045262968 0.9433816735965656
geometry 12200 0.957 0.775660973296679 0.9433816735965654
geometry 12300 0.957 0.7758921950539217 0.9466062838085374
geometry 12400 0.958 0.7762827786300323 0.9474155973660554
geometry 12500 0.958 0.7768122042513793 0.9474155973660553
geometry 12600 0.961 0.7753790999770654 0.9474155973660539
geometry 12700 0.963 0.7751440273898118 0.9479985027764616
geometry 12800 0.963 0.7757212986608548 0.9484963472840443
geometry 12900 0.963 0.7773896374438936 0.9484963472840455
geometry 13000 0.965 0.7769970234488518 0.9485035811657851
geometry 13100 0.965 0.7770823470790652 0.9485035811657849
geometry 13200 0.965 0.777807360810543 0.9485035811657845
geometry 13300 0.965 0.7789424830980674 0.948503581165784
geometry 13400 0.965 0.7794961418410988 0.9485035811657844
geometry 13500 0.965 0.7803109630762713 0.9475941216576147
geometry 13600 0.966 0.7800498525837605 0.9478915721886535
geometry 13700 0.966 0.7809009555581033 0.9478915721886533
geometry 13800 0.966 0.7820686224316349 0.9484856572780689
geometry 13900 0.967 0.7823452606217923 0.9484856572780693
geometry 14000 0.968 0.7827935732501397 0.9484856572780682
geometry 14100 0.968 0.7837119354597254 0.9489323743045679
geometry 14200 0.968 0.7846221303076084 0.9489323743045686
geometry 14300 0.968 0.7848666571365335 0.9489324979985845
geometry 14400 0.968 0.7854485103184318 0.9488884233764232
geometry 14500 0.968 0.7861476581161477 0.9488884233764231
geometry 14600 0.968 0.7863449713574969 0.9488884233764227
geometry 14700 0.969 0.7859096574650569 0.9485324058064123
geometry 14800 0.969 0.7867233217111465 0.948876665926826
geometry 14900 0.969 0.7874464256632286 0.949717079720904
geometry 15000 0.969 0.7881122710875194 0.9507259174237833
linkage 100 0.049 0.6569731475221251 0.03937850363985898
linkage 200 0.077 0.5998961636725777 0.13688020179175586
linkage 300 0.101 0.5272312260267058 0.20945226380998466
linkage 400 0.122 0.46291109455243074 0.2908238986130855
linkage 500 0.142 0.42669605152217704 0.30133419220956315
linkage 600 0.16 0.406775630163276 0.3323494574716792
linkage 700 0.181 0.38915990059176775 0.40744335729820425
linkage 800 0.198 0.3774086824499244 0.4192880999276057
linkage 900 0.215 0.3603542253730339 0.44263884659683667
linkage 1000 0.226 0.35741086632436103 0.4719093908263152
linkage 1100 0.241 0.35305131346626467 0.47369077457952863
linkage 1200 0.252 0.34486628277779136 0.4992665596589216
linkage 1300 0.261 0.3385911581602452 0.4972584856489601
linkage 1400 0.27 0.3313274627415772 0.5127246188179526
linkage 1500 0.275 0.3270323255090977 0.5157080618750919
linkage 1600 0.29 0.31886246416449054 0.5160271080221966
linkage 1700 0.304 0.313251741777104 0.5137728582752095
linkage 1800 0.315 0.3063990632822242 0.5134227692836523
linkage 1900 0.327 0.29788762992799156 0.5148677669620294
linkage 2000 0.332 0.2887211312932418 0.5148677669620292
linkage 2100 0.337 0.28956123484174845 0.5150954188252652
linkage 2200 0.344 0.28402513427963016 0.5150954188252702
linkage 2300 0.347 0.27472243299595434 0.5150954188252665
linkage 2400 0.352 0.2719571951843683 0.5149743059871277
linkage 2500 0.355 0.26940533468186606 0.5143877660833164
linkage 2600 0.361 0.26448251882275964 0.5143220720234701
linkage 2700 0.364 0.2642027430282882 0.5149889527403135
linkage 2800 0.375 0.26019316212604754 0.5149889527403144
linkage 2900 0.382 0.25822470495767347 0.5153828202575719
linkage 3000 0.39 0.25562511505575713 0.5428044897685587
linkage 3100 0.396 0.25293196958075004 0.542804489768564
linkage 3200 0.4 0.250911467655746 0.5432939975124282
linkage 3300 0.404 0.2507384707634227 0.5434889711929577
linkage 3400 0.41 0.2503924342869948 0.5433599295829149
linkage 3500 0.413 0.2491867349150509 0.543413601181067
linkage 3600 0.418 0.24748121299926293 0.5434136011810704
linkage 3700 0.423 0.24494401913402616 0.5581994351096649
linkage 3800 0.426 0.2445893324172221 0.5581994351096653
linkage 3900 0.433 0.24370050743002453 0.5581994351096695
linkage 4000 0.438 0.24433577198055445 0.5581994351096756
linkage 4100 0.442 0.24346411901363504 0.5581923603647704
linkage 4200 0.444 0.2425297414350882 0.5582736890492718
linkage 4300 0.448 0.24162485971078804 0.5582736890492682
linkage 4400 0.451 0.24100743128130267 0.5609881812362256
linkage 4500 0.453 0.2426891829966969 0.5609881812362348
linkage 4600 0.456 0.24293847159277504 0.5609881812362237
linkage 4700 0.457 0.24317709490235861 0.5609881812362307
linkage 4800 0.463 0.2424095373425674 0.567414969919784
linkage 4900 0.465 0.2419688967217076 0.5674149699197817
linkage 5000 0.47 0.24174307772353215 0.5674149699197899
linkage 5100 0.472 0.24101262303336335 0.5674149699197888
linkage 5200 0.477 0.24101709080163686 0.568116840418307
linkage 5300 0.483 0.23954344440345615 0.5681168404183027
linkage 5400 0.487 0.23889373155976043 0.5681168404183071
linkage 5500 0.488 0.2402156480067533 0.5681168404183025
linkage 5600 0.493 0.23837269313356907 0.5681168404183049
linkage 5700 0.496 0.23936847791268162 0.5681641401413964
linkage 5800 0.497 0.2401601900163883 0.5684416475892176
linkage 5900 0.498 0.24124162930640936 0.5692629055647423
linkage 6000 0.498 0.2418578507022904 0.56926290556474
linkage 6100 0.501 0.24121933544803742 0.5681137378709874
linkage 6200 0.503 0.2409725131390585 0.5765441638151508
linkage 6300 0.504 0.24065370121774177 0.5765441638151472
linkage 6400 0.504 0.24130200925605233 0.5765441638151436
linkage 6500 0.509 0.24109292133694213 0.5721893903302968
linkage 6600 0.509 0.2414109811969784 0.5721893903302943
linkage 6700 0.511 0.24085699645856715 0.5721893903302934
linkage 6800 0.513 0.23961873298696773 0.5725427238633863
linkage 6900 0.517 0.23879696423585914 0.5725427238633868
linkage 7000 0.519 0.23865775259000388 0.5725152349523909
linkage 7100 0.52 0.23870821357450234 0.5724553601683025
linkage 7200 0.52 0.2393375903006798 0.5724553601683013
linkage 7300 0.522 0.23950623076855745 0.5727267474592748
linkage 7400 0.522 0.2396784706539672 0.5727267474592813
linkage 7500 0.526 0.2389146739073368 0.5727267474592714
linkage 7600 0.528 0.23878793442992943 0.5727267474592731
linkage 7700 0.528 0.24008807015233755 0.5743946633565783
linkage 7800 0.529 0.23977788673027003 0.5743946633565837
linkage 7900 0.53 0.24009139864466097 0.5743946633565816
linkage 8000 0.531 0.24098263494320005 0.5743946633565791
linkage 8100 0.532 0.24112452088166106 0.5743946633565754
linkage 8200 0.533 0.2418598345260538 0.5743946633565766
linkage 8300 0.533 0.24296601730054496 0.5743946633565827
linkage 8400 0.533 0.24193512167040518 0.574394663356577
linkage 8500 0.533 0.2424876018278283 0.5744351660209938
linkage 8600 0.533 0.24289044996167433 0.5744351660209933
linkage 8700 0.534 0.24288403057711028 0.5744117881923958
linkage 8800 0.534 0.24360510777364108 0.5744117881923927
linkage 8900 0.534 0.24433248065061688 0.5744117881923936
linkage 9000 0.536 0.24503226384372342 0.5744117881924001
linkage 9100 0.536 0.2454545416857761 0.5740775647166056
linkage 9200 0.538 0.2451673336628535 0.5740775647166187
linkage 9300 0.54 0.2451599940453836 0.574077564716612
linkage 9400 0.541 0.245868228215332 0.5740775647166116
linkage 9500 0.542 0.2466723298564964 0.5740775647166119
linkage 9600 0.543 0.24600723564405397 0.5749152986966305
linkage 9700 0.544 0.24701919551743587 0.5749152986966388
linkage 9800 0.544 0.24675151176947022 0.5749152986966378
linkage 9900 0.544 0.24678109620859687 0.5749152986966313
linkage 10000 0.545 0.24643209117555753 0.5749152986966362
linkage 10100 0.546 0.2460326665922139 0.5747108483696562
linkage 10200 0.546 0.24682642962844295 0.5747108483696541
linkage 10300 0.546 0.2471616185887053 0.5747108483696581
linkage 10400 0.546 0.24818637119746087 0.5747108483696545
linkage 10500 0.548 0.24782130078298928 0.5747108483696539
linkage 10600 0.549 0.24809373581084604 0.5747108483696556
linkage 10700 0.549 0.24838783414073445 0.5801081947780914
linkage 10800 0.55 0.24826811962023815 0.5801081947780871
linkage 10900 0.551 0.24897005020175145 0.580108194778085
linkage 11000 0.552 0.24895164296116223 0.5804902352959713
linkage 11100 0.553 0.24929439567041306 0.5804902352959668
linkage 11200 0.553 0.25006106037216613 0.5804902352959735
linkage 11300 0.553 0.25019418864800014 0.5804902352959659
linkage 11400 0.553 0.2510332997210304 0.5804902352959653
linkage 11500 0.554 0.2507942797206518 0.5804902352959701
linkage 11600 0.555 0.25086513059900434 0.5804902352959714
linkage 11700 0.556 0.2506816758370242 0.5804902352959713
linkage 11800 0.557 0.2501117674373491 0.5804902352959734
linkage 11900 0.558 0.2501648214469811 0.5804902352959719
linkage 12000 0.559 0.24976236792391152 0.5804902352959762
linkage 12100 0.559 0.24926027167035825 0.5804902352959801
linkage 12200 0.56 0.248725922267424 0.5804902352959759
linkage 12300 0.56 0.2485696587171439 0.5804902352959763
linkage 12400 0.562 0.24854465238518836 0.5804902352959749
linkage 12500 0.562 0.24862213754059584 0.5804902352959727
linkage 12600 0.562 0.2486946993906457 0.5804902352959759
linkage 12700 0.562 0.2491565562457723 0.5804902352959744
linkage 12800 0.563 0.24951650670611533 0.5804902352959733
linkage 12900 0.564 0.24970247881149116 0.580490235295979
linkage 13000 0.564 0.24991620963272837 0.5804902352959698
linkage 13100 0.564 0.25046267114767595 0.5807433530068957
linkage 13200 0.565 0.25059959790915315 0.5807433530068906
linkage 13300 0.565 0.2507478709214212 0.5807433530068989
linkage 13400 0.566 0.2502767609595539 0.5807433530068982
linkage 13500 0.566 0.2509225571152911 0.5807433530068989
linkage 13600 0.567 0.25065753484498016 0.580743353006895
linkage 13700 0.568 0.2509236664074112 0.5807433530068938
linkage 13800 0.568 0.25138620334070777 0.580766730835495
linkage 13900 0.568 0.2518144009117988 0.5807667308354916
linkage 14000 0.568 0.251655965440321 0.580766730835498
linkage 14100 0.568 0.2518100980673719 0.5807667308354975
linkage 14200 0.568 0.2518637530972731 0.5807667308354956
linkage 14300 0.568 0.25248467457090734 0.5807667308354953
linkage 14400 0.568 0.25287713382707405 0.5807389074689769
linkage 14500 0.568 0.25279227427324635 0.5807389074689701
linkage 14600 0.568 0.25291173709397047 0.580738907468972
linkage 14700 0.568 0.25325371259051843 0.5807389074689706
linkage 14800 0.568 0.25373086575693665 0.5807389074689723
linkage 14900 0.568 0.2541257924817589 0.5807389074689776
linkage 15000 0.568 0.25459766803581324 0.580738907468978
functional 100 0.006 0.48822321630436283 7.452821129759504e-16
functional 200 0.007 0.4583520357445226 4.202760979042651e-15
functional 300 0.01 0.3200642439785452 2.1408006309548833e-15
functional 400 0.01 0.31502909411076707 2.120399161593448e-15
functional 500 0.011 0.28744746068134996 5.35978489321006e-15
functional 600 0.013 0.24407427689929473 7.54931717915606e-15
functional 700 0.013 0.2425769156127382 7.695704973531565e-15
functional 800 0.013 0.24933030995526131 7.523211033527756e-15
functional 900 0.016 0.201635237666939 0.01381058583256478
functional 1000 0.018 0.17964541731152853 0.028433559067038653
functional 1100 0.019 0.17294623071643664 0.028433559067039225
functional 1200 0.019 0.17416326647124875 0.02843355906703553
functional 1300 0.019 0.17544760914620164 0.028433559067035367
functional 1400 0.02 0.16692251118112683 0.028433559067035166
functional 1500 0.02 0.16790454164389562 0.028433559067036387
functional 1600 0.022 0.15378764969434758 0.03948202773308827
functional 1700 0.023 0.15001944910997017 0.03948202773308812
functional 1800 0.024 0.14352621185967465 0.03948202773308866
functional 1900 0.025 0.1398423828876175 0.03948202773308882
functional 2000 0.026 0.13443449602716923 0.03948202773308242
functional 2100 0.026 0.1353707952393934 0.03948202773308851
functional 2200 0.026 0.13545889598537905 0.039482027733082466
functional 2300 0.026 0.13520979534573008 0.039482027733084506
functional 2400 0.026 0.1349238451854567 0.03948202773308284
functional 2500 0.026 0.13600055730222602 0.03948202773308492
functional 2600 0.026 0.13618660154188555 0.03948202773308985
functional 2700 0.026 0.13705889773722307 0.03948202773309058
functional 2800 0.027 0.13259859196743642 0.05672963718913526
functional 2900 0.029 0.12482796060536304 0.056729637189136796
functional 3000 0.029 0.12476277355562117 0.05672963718913699
functional 3100 0.029 0.12415802275570476 0.05672963718913684
functional 3200 0.029 0.12405000742815502 0.05672963718913635
functional 3300 0.029 0.12443881112594499 0.056729637189136733
functional 3400 0.03 0.12130558153259967 0.056729637189135484
functional 3500 0.03 0.12103812247491215 0.056729637189132966
functional 3600 0.03 0.12073631031195332 0.05672963718913049
functional 3700 0.03 0.11990985023024675 0.05672963718913066
functional 3800 0.03 0.12010789477125047 0.05672963718913055
functional 3900 0.031 0.11666463791181082 0.056729637189130724
functional 4000 0.032 0.11342534496241587 0.052586461439362624
functional 4100 0.032 0.11431696342373916 0.05258646143936756
functional 4200 0.032 0.11412608180998526 0.05258646143936867
functional 4300 0.032 0.1142316058518695 0.052586461439369146
functional 4400 0.032 0.11400384696545411 0.05258646143936923
functional 4500 0.032 0.11400463687139245 0.05258646143937144
functional 4600 0.032 0.1136421100104781 0.05258646143937061
functional 4700 0.032 0.11403056186029793 0.052586461439369764
functional 4800 0.032 0.11446904926460337 0.05258646143937012
functional 4900 0.033 0.11131813538639534 0.05258646143936906
functional 5000 0.033 0.11139791398546431 0.052586461439369604
functional 5100 0.033 0.11103451604537529 0.05258646143936908
functional 5200 0.033 0.11118183257853179 0.05258646143936898
functional 5300 0.033 0.11156109090483074 0.05258646143936907
functional 5400 0.033 0.11144213535559894 0.05258646143937068
functional 5500 0.033 0.11122938683785469 0.05258646143937046
functional 5600 0.033 0.11115544518488807 0.05258646143937052
functional 5700 0.035 0.10515919063204097 0.05258646143937017
functional 5800 0.036 0.10298815764653246 0.05258646143936934
functional 5900 0.037 0.10019424207864752 0.052586461439369056
functional 6000 0.037 0.09996222280520113 0.05258646143936924
functional 6100 0.037 0.09928791651471253 0.052586461439369764
functional 6200 0.038 0.09683482314704442 0.05258646143936948
functional 6300 0.038 0.0963834470203334 0.052586461439369535
functional 6400 0.039 0.09377130673826474 0.05258646143936955
functional 6500 0.039 0.09380809268721801 0.05258646143936902
functional 6600 0.04 0.0913634317541825 0.05258646143936798
functional 6700 0.04 0.0911230707258465 0.05258646143936875
functional 6800 0.04 0.09090397408567273 0.052586461439368466
functional 6900 0.04 0.09085745261463987 0.052586461439368404
functional 7000 0.04 0.09097775823184061 0.05258646143936335
functional 7100 0.04 0.09136888716245686 0.05258646143936658
functional 7200 0.04 0.09119641805839468 0.052586461439366614
functional 7300 0.04 0.09136614180286305 0.05258646143936726
functional 7400 0.04 0.0911309551302572 0.0525864614393676
functional 7500 0.04 0.09097961682957988 0.052586461439368064
functional 7600 0.04 0.09074010672358575 0.05258646143936747
functional 7700 0.04 0.09113668840825635 0.05258646143936673
functional 7800 0.04 0.09119608044487457 0.05258646143936692
functional 7900 0.04 0.09125176173969095 0.05258646143936795
functional 8000 0.04 0.09118715034126897 0.05258646143936817
functional 8100 0.04 0.09139411270429203 0.05258646143936839
functional 8200 0.04 0.09119536390722327 0.05258646143936907
functional 8300 0.04 0.09139962665486859 0.05258646143936809
functional 8400 0.04 0.09106610413459694 0.05258646143936806
functional 8500 0.04 0.09120921874778563 0.052586461439367856
functional 8600 0.04 0.09104687901850664 0.05258646143936796
functional 8700 0.04 0.09094796119080467 0.05258646143936828
functional 8800 0.04 0.09087949582395549 0.05258646143936868
functional 8900 0.04 0.09095107841793847 0.05258646143936472
functional 9000 0.04 0.09101365724691828 0.052586461439368674
functional 9100 0.04 0.09123503733505967 0.05258646143936473
functional 9200 0.04 0.09118504839389899 0.052586461439364116
functional 9300 0.041 0.08884071173235793 0.05258646143936741
functional 9400 0.041 0.08912399399792105 0.052586461439367294
functional 9500 0.041 0.08901550037190911 0.05258646143936813
functional 9600 0.041 0.08865583252520773 0.05258646143936725
functional 9700 0.041 0.08872185608760846 0.0525864614393677
functional 9800 0.041 0.0887234536947073 0.05258646143936692
functional 9900 0.041 0.0884144015336888 0.05258646143936733
functional 10000 0.041 0.08846523837206216 0.05258646143936827
functional 10100 0.041 0.08843570863348267 0.05258646143936806
functional 10200 0.041 0.08843277685460063 0.052586461439364914
functional 10300 0.041 0.08859364870969501 0.05258646143936681
functional 10400 0.041 0.0889243472228136 0.05258646143936878
functional 10500 0.041 0.08884645127998386 0.05258646143936691
functional 10600 0.041 0.08886702430809056 0.05258646143936754
functional 10700 0.041 0.08872746126391994 0.05258646143936736
functional 10800 0.041 0.08857412629295605 0.052586461439366974
functional 10900 0.041 0.08868893229734934 0.0525864614393678
functional 11000 0.041 0.08867467584947362 0.05258646143936757
functional 11100 0.041 0.08862289491945013 0.052586461439367425
functional 11200 0.041 0.08874067770802842 0.05258646143936732
functional 11300 0.041 0.08864458550412847 0.052586461439367585
functional 11400 0.041 0.0887099477128842 0.05258646143936716
functional 11500 0.041 0.08858454973065835 0.052586461439367606
functional 11600 0.041 0.08878765981562003 0.05258646143936701
functional 11700 0.041 0.08868658849080653 0.05258646143936775
functional 11800 0.041 0.08838973461267476 0.0525864614393664
functional 11900 0.041 0.0885117560005933 0.052586461439367654
functional 12000 0.041 0.0884182364446703 0.05258646143936665
functional 12100 0.041 0.08825051167913218 0.05258646143936737
functional 12200 0.041 0.0883329126512271 0.052586461439366274
functional 12300 0.041 0.08828022666468062 0.052586461439368036
functional 12400 0.041 0.08832671789273562 0.052586461439366426
functional 12500 0.041 0.08834849382848443 0.05258646143936629
functional 12600 0.041 0.08826711017460456 0.05258646143936815
functional 12700 0.041 0.08844273843210283 0.0525864614393661
functional 12800 0.041 0.08845881450264749 0.05258646143936458
functional 12900 0.042 0.08644557836153069 0.05258646143936708
functional 13000 0.042 0.08649521306930681 0.05258646143936627
functional 13100 0.042 0.0864763553335471 0.05258646143936858
functional 13200 0.042 0.08662345711562074 0.052586461439367564
functional 13300 0.042 0.08675858420561393 0.05258646143936691
functional 13400 0.042 0.086744130277371 0.052586461439366544
functional 13500 0.042 0.08674781688229995 0.052586461439367474
functional 13600 0.042 0.08644183728851136 0.05258646143936718
functional 13700 0.042 0.08648517127303793 0.052586461439367654
functional 13800 0.042 0.08645548693319369 0.052586461439365885
functional 13900 0.042 0.0863560968690489 0.05258646143936556
functional 14000 0.042 0.08650528698620548 0.05258646143936573
functional 14100 0.042 0.08646492640326042 0.05258646143936704
functional 14200 0.042 0.08624320106858714 0.052586461439368036
functional 14300 0.042 0.08629222326487906 0.052586461439367224
functional 14400 0.042 0.08628935460146418 0.05258646143936632
functional 14500 0.042 0.08625949564552964 0.052586461439367224
functional 14600 0.042 0.0861197261511137 0.05258646143936782
functional 14700 0.042 0.08602369341231804 0.05258646143936694
functional 14800 0.042 0.08599512551800732 0.0525864614393687
functional 14900 0.043 0.08386651451284376 0.05258646143936943
functional 15000 0.043 0.0838397362750391 0.05258646143936898
linker 100 0.086 0.9521092322483251 0.03951138468020402
linker 200 0.15 0.9139341426936146 0.09376191848143174
linker 300 0.209 0.8945102842734669 0.15576643688690656
linker 400 0.252 0.8756327473568641 0.18429737616400618
linker 500 0.287 0.8447080852573651 0.22151999718664145
linker 600 0.321 0.8415942553014893 0.27158928731359994
linker 700 0.346 0.8317141006027691 0.2802307922762956
linker 800 0.365 0.8313360092494826 0.2841866841523858
linker 900 0.382 0.8237693273224899 0.30370931017469777
linker 1000 0.402 0.819991026206327 0.3128386039940374
linker 1100 0.415 0.8157391888353362 0.34145605514416094
linker 1200 0.427 0.8093907432171755 0.357468741305411
linker 1300 0.44 0.8022515587083912 0.3643620844023626
linker 1400 0.448 0.8023052901817325 0.3753328633948206
linker 1500 0.458 0.8016308909782284 0.3798901862260936
linker 1600 0.465 0.7993442761601842 0.3990584232680655
linker 1700 0.47 0.7981649729983223 0.40478344156212337
linker 1800 0.478 0.7956944984152298 0.416852306242717
linker 1900 0.483 0.7949994232846206 0.4213931626289047
linker 2000 0.486 0.7931711812402169 0.42365315954457655
linker 2100 0.489 0.7946711131448295 0.453347142262523
linker 2200 0.494 0.7871154064531192 0.45464239086220054
linker 2300 0.495 0.7817139809328294 0.4555232487390099
linker 2400 0.496 0.7826151897800528 0.45554696575635206
linker 2500 0.499 0.7812564389469682 0.45741820643414416
linker 2600 0.5 0.7809426834380325 0.45773250194245024
linker 2700 0.501 0.7769747428833692 0.4597861458647384
linker 2800 0.503 0.7759214775737189 0.463708688022504
linker 2900 0.505 0.7766305436836972 0.46351879678917696
linker 3000 0.506 0.7770206862316577 0.4636237529397124
linker 3100 0.508 0.7759460048072279 0.4665967868821048
linker 3200 0.509 0.7777950379843367 0.4688817030396882
linker 3300 0.511 0.7760534080699063 0.4709527044343725
linker 3400 0.514 0.774590600460191 0.4794796004944554
linker 3500 0.515 0.7731668340094137 0.47972973926270707
linker 3600 0.516 0.7750498640908664 0.4796535074623586
linker 3700 0.516 0.77266651903372 0.4785975561330457
linker 3800 0.516 0.7742034371198906 0.4785977852532749
linker 3900 0.518 0.7724633246316451 0.4825934591126205
linker 4000 0.519 0.7721553312315 0.48259406998589044
linker 4100 0.52 0.7707086193630442 0.48790986222107985
linker 4200 0.52 0.7699669643570888 0.4904937424128887
linker 4300 0.52 0.7719355085537589 0.49048845393652224
linker 4400 0.521 0.772692800207487 0.4904881344206478
linker 4500 0.524 0.7723223889287453 0.4948261061377464
linker 4600 0.526 0.7706685254545914 0.49482604456665163
linker 4700 0.528 0.7676335473696811 0.49482961381689244
linker 4800 0.528 0.7686870196878476 0.49621428414878677
linker 4900 0.528 0.7678257041261125 0.5037065422606537
linker 5000 0.528 0.7658763843021674 0.547976168869627
linker 5100 0.528 0.7637825919924291 0.5479723642973309
linker 5200 0.53 0.7631363583180667 0.5479723351562021
linker 5300 0.53 0.7628444556835822 0.5479720677305008
linker 5400 0.53 0.7626866978785968 0.5479721557861237
linker 5500 0.53 0.7637136273565105 0.5484138364450472
linker 5600 0.531 0.7621569119411165 0.5484136481561158
linker 5700 0.531 0.7622692504410179 0.5484291612391894
linker 5800 0.531 0.7629280512720983 0.5484312237179944
linker 5900 0.531 0.7623937632603013 0.548834383490911
linker 6000 0.531 0.7621268232667744 0.5488344618940971
linker 6100 0.532 0.7608209496618323 0.5488352462684719
linker 6200 0.532 0.7605536480089422 0.5475454753963414
linker 6300 0.534 0.7572522652789101 0.5475455696181375
linker 6400 0.534 0.7561552066876949 0.5468155134896369
linker 6500 0.534 0.7539933918830677 0.5468163322434927
linker 6600 0.535 0.752535471201342 0.5468160615346691
linker 6700 0.535 0.7518096442893757 0.5466998520904728
linker 6800 0.535 0.7504860955242588 0.5466997728374393
linker 6900 0.535 0.7484172674967806 0.546700083095195
linker 7000 0.536 0.7469789655741319 0.5467062800466743
linker 7100 0.536 0.7458705600733916 0.5467063449254125
linker 7200 0.536 0.7449317939919757 0.5467203817990574
linker 7300 0.536 0.7436774736791224 0.5467852569367223
linker 7400 0.536 0.7422058739971373 0.5467854046284537
linker 7500 0.536 0.7412599717624602 0.5467838373447509
linker 7600 0.537 0.7397441707431275 0.5467838639109016
linker 7700 0.537 0.739022294941428 0.5464271489063766
linker 7800 0.537 0.7383018695848811 0.5464281044327488
linker 7900 0.537 0.7376064749231888 0.546428417039886
linker 8000 0.537 0.7358435523830326 0.5464282966061178
linker 8100 0.537 0.7341569329762777 0.5464293058142239
linker 8200 0.537 0.7328068152841523 0.548684975851069
linker 8300 0.538 0.731561257017209 0.5483503187276161
linker 8400 0.538 0.7299918715322677 0.5483505200829555
linker 8500 0.538 0.728202312231225 0.5483506777070261
linker 8600 0.538 0.7270097842764668 0.548357536033641
linker 8700 0.538 0.7259021457421958 0.5483584631285086
linker 8800 0.538 0.7241666008446259 0.5483591429051682
linker 8900 0.539 0.7215590131236865 0.5483643487951743
linker 9000 0.539 0.7206102973147518 0.5483647502712775
linker 9100 0.539 0.719834015920214 0.5475373180226006
linker 9200 0.539 0.7189918350246575 0.5475395711902382
linker 9300 0.539 0.7181809989042162 0.5475398437723478
linker 9400 0.539 0.7169316110236161 0.547540921627045
linker 9500 0.539 0.716761248684747 0.5475412172694638
linker 9600 0.539 0.7153749744750358 0.5477780792676618
linker 9700 0.539 0.714127163569446 0.5477897911465883
linker 9800 0.539 0.7131151905225633 0.5477886281314834
linker 9900 0.539 0.7113673969150349 0.5477904619156677
linker 10000 0.539 0.7094703685669328 0.5477951489904782
linker 10100 0.54 0.7076784598795991 0.5520076199446586
linker 10200 0.54 0.7069613641145907 0.5520051666109664
linker 10300 0.54 0.7057546134636972 0.5543038081878429
linker 10400 0.54 0.7054311295146829 0.5543035900339675
linker 10500 0.54 0.7048100313915338 0.5551907338408848
linker 10600 0.54 0.7040076952587553 0.5551945596015015
linker 10700 0.54 0.7030125816460763 0.55519462295795
linker 10800 0.54 0.7018378545466006 0.5551952458590682
linker 10900 0.54 0.7013014122110073 0.5551942472572834
linker 11000 0.54 0.7007043726822043 0.5553528912468569
linker 11100 0.54 0.6988870282671392 0.5553761024778016
linker 11200 0.54 0.6977679022045656 0.5553763355700725
linker 11300 0.54 0.6965369982764086 0.5553760301106374
linker 11400 0.54 0.6951329818792706 0.5553759987871704
linker 11500 0.54 0.6949269816835806 0.5553769751273793
linker 11600 0.54 0.6942589889544767 0.5553747147673429
linker 11700 0.54 0.6934776675107327 0.5553747620768391
linker 11800 0.54 0.69209741218316 0.5553812044639344
linker 11900 0.54 0.690478062906741 0.5553866142860697
linker 12000 0.54 0.6901938416451155 0.5553869836416954
linker 12100 0.54 0.6895729538390022 0.5553866754749995
linker 12200 0.54 0.6885664664119472 0.5553869214057141
linker 12300 0.54 0.6876518971316969 0.5553868064644624
linker 12400 0.54 0.6868894959571783 0.5553867071086582
linker 12500 0.54 0.6857468452856074 0.5553868092068154
linker 12600 0.54 0.6854176853159224 0.5554769405810056
linker 12700 0.54 0.6847186607833956 0.5554768856102011
linker 12800 0.54 0.6840074425773898 0.5554767973119704
linker 12900 0.54 0.6832701958711496 0.5554779792081521
linker 13000 0.54 0.6821194798900843 0.5554779771659042
linker 13100 0.54 0.6815777733893648 0.5554833073918436
linker 13200 0.54 0.6801630623339618 0.5554832276094046
linker 13300 0.54 0.6793528745765437 0.5554834976009303
linker 13400 0.54 0.6786155822057582 0.5554838903555641
linker 13500 0.54 0.6777720305701797 0.5554789316904615
linker 13600 0.54 0.6769034779042251 0.555480335761243
linker 13700 0.54 0.6764563357585622 0.5554802008480929
linker 13800 0.54 0.6754611106804079 0.5554863780569522
linker 13900 0.54 0.6746373194379456 0.5555392083340995
linker 14000 0.54 0.6735390763946507 0.5555399595761343
linker 14100 0.54 0.673136024728979 0.5555398898610714
linker 14200 0.54 0.6724295063516432 0.5555393466738909
linker 14300 0.54 0.6719414653567234 0.5555400118425413
linker 14400 0.54 0.6719848051464734 0.555958453416147
linker 14500 0.54 0.6708362957712474 0.5559806278551257
linker 14600 0.54 0.6699314155928645 0.5559806246428901
linker 14700 0.54 0.6690097980358847 0.5559819846902173
linker 14800 0.54 0.6684485689701836 0.5559832095160041
linker 14900 0.54 0.6670765092977261 0.5559835738943565
linker 15000 0.54 0.6660364719595236 0.5559836879220145
